elevdump version 1
0 0 0 0 16 1 1 0 0
0 0 0 32 8 1 1 0 0
0 0 0 48 8 1 1 0 0
0 0 0 64 16 1 1 0 0
0 0 0 96 16 1 1 0 0
0 0 16 32 8 1 1 0 0
0 0 16 48 4 1 1 0 0
0 0 16 56 4 1 1 0 0
0 0 24 48 4 1 1 0 0
0 0 24 56 4 1 1 0 0
0 0 32 0 16 1 1 0 0
0 0 32 32 4 1 1 0 0
0 0 32 40 4 1 1 0 0
0 0 32 48 8 1 1 0 0
0 0 32 64 4 1 1 0 0
0 0 32 72 4 1 1 0 0
0 0 32 80 8 1 1 0 0
0 0 32 96 16 1 1 0 0
0 0 40 64 4 1 1 0 0
0 0 40 72 4 1 1 0 0
0 0 48 48 4 64 64 0 0 0 0 0 0 0 0 0 0 0 0 0 0 0 0 0 0 0 0 0 0 0 0 0 0 0 0 0 0 0 0 0 69 3 2 2 3 5 0 0 67 1 1 1 193 198 2 0 68 1 1 1 1 1 193 0 68 1 1 1 1 1 1 0 0 0 0 0 0 0 0 0 0 0 0 0 0 0 0 0 0 0 0 0 0 0 0 0 0 0 700 1100 250 100 100 0 0 350 900 1450 1650 1500 200 0 600 1000 1200 1550 2100 2350 1000 450 950 1150 1350 2050 2400 2600 1400 700 1000 1150 1500 2350 2550 2800 1400
0 0 48 56 4 64 64 0 67 1 1 93 28 29 1 0 66 1 1 92 25 222 29 0 67 1 1 90 89 158 221 0 67 65 1 92 89 220 1 0 68 65 1 92 89 220 1 0 133 70 1 157 156 221 1 0 0 133 70 1 1 1 1 0 0 0 133 70 1 134 130 0 700 1000 1250 2100 3150 3250 2000 0 500 1100 1300 3350 4500 4450 2750 0 650 900 1450 3250 5100 5800 4300 0 650 900 1400 3300 5350 6100 3800 0 400 650 1250 3100 5300 6300 3450 0 350 650 1050 3000 4550 5000 2850 0 0 300 950 1800 3000 3100 1750 0 0 0 350 1050 1650 2050 850
0 0 48 64 4 64 64 0 0 0 0 133 131 197 0 0 0 0 0 0 0 0 0 0 0 0 0 0 0 0 0 0 0 0 0 0 0 0 0 0 0 0 0 0 0 0 0 0 0 0 0 0 0 0 0 0 0 0 0 0 0 0 0 0 0 0 0 0 0 0 0 0 0 0 0 450 1050 1350 500 0 0 0 0 350 1000 950 0 0 0 0 0 0 0 250 0 0 0 0 0 0 0 0 0 0 0 0 0 0 0 0 0 0 0 0 0 0 0 0 0 0 0 0 0 0 0 0 0 0 0 0 0 0 0 0 0
0 0 48 72 4 1 1 0 0
0 0 48 80 4 1 1 0 0
0 0 48 88 4 1 1 0 0
0 0 56 48 4 64 64 0 0 0 0 0 0 0 0 0 0 0 0 0 0 0 0 0 0 0 0 0 0 0 0 0 0 0 0 0 0 0 0 0 0 0 0 0 0 0 0 5 0 0 0 0 0 0 0 194 0 0 0 0 0 0 0 195 0 0 0 0 0 0 0 0 0 0 0 0 0 0 0 0 0 0 0 0 0 0 0 0 0 0 0 0 0 0 0 0 0 0 0 0 0 0 0 50 0 0 0 0 0 0 0 150 0 0 0 0 0 0 0 650 0 0 0 0 0 0 0 750 300 0 0 0 0 0 0
0 0 56 56 4 64 64 196 0 0 0 0 0 0 0 194 0 0 0 0 0 0 0 195 0 0 0 0 0 0 0 194 0 0 0 0 0 0 0 196 0 0 0 0 0 0 0 195 0 0 0 0 0 0 0 194 0 0 0 0 0 0 0 197 0 0 0 0 0 0 0 900 350 0 0 0 0 0 0 850 300 0 0 0 0 0 0 1100 350 0 0 0 0 0 0 1200 400 0 0 0 0 0 0 1300 250 0 0 0 0 0 0 1050 300 0 0 0 0 0 0 850 200 0 0 0 0 0 0 400 150 0 0 0 0 0 0
